-1310,
-9385,
-4266,
32873,
52298,
-18012,
-125783,
-95078,
123072,
274614,
67733,
-352387,
-424565,
118699,
704336,
467051,
-542816,
-1106651,
-252772,
1230794,
1399683,
-371914,
-2109310,
-1343176,
1505030,
2968101,
657680,
-3114263,
-3451530,
895463,
4966860,
3097736,
-3404021,
-6591295,
-1435535,
6687802,
7298900,
-1866258,
-10209886,
-6285153,
6821782,
13055669,
2812183,
-12965382,
-14011904,
3549865,
19254074,
11758229,
-12668169,
-24081082,
-5155369,
23639013,
25425529,
-6415494,
-34683404,
-21129050,
22728779,
43179740,
9248294,
-42474764,
-45817181,
11610961,
63145476,
38768840,
-42119209,
-81012470,
-17617836,
82437897,
90974042,
-23704744,
-133383861,
-85405093,
97768979,
200906704,
47584977,
-249429409,
-322302929,
106269805,
892651534,
1518835266,
1518835266,
892651534,
106269805,
-322302929,
-249429409,
47584977,
200906704,
97768979,
-85405093,
-133383861,
-23704744,
90974042,
82437897,
-17617836,
-81012470,
-42119209,
38768840,
63145476,
11610961,
-45817181,
-42474764,
9248294,
43179740,
22728779,
-21129050,
-34683404,
-6415494,
25425529,
23639013,
-5155369,
-24081082,
-12668169,
11758229,
19254074,
3549865,
-14011904,
-12965382,
2812183,
13055669,
6821782,
-6285153,
-10209886,
-1866258,
7298900,
6687802,
-1435535,
-6591295,
-3404021,
3097736,
4966860,
895463,
-3451530,
-3114263,
657680,
2968101,
1505030,
-1343176,
-2109310,
-371914,
1399683,
1230794,
-252772,
-1106651,
-542816,
467051,
704336,
118699,
-424565,
-352387,
67733,
274614,
123072,
-95078,
-125783,
-18012,
52298,
32873,
-4266,
-9385,
-1310,
