-1310,
-4266,
52298,
-125783,
123072,
67733,
-424565,
704336,
-9385,
32873,
-18012,
-95078,
274614,
-352387,
118699,
467051,
-542816,
-252772,
1399683,
-2109310,
1505030,
657680,
-3451530,
4966860,
-1106651,
1230794,
-371914,
-1343176,
2968101,
-3114263,
895463,
3097736,
-3404021,
-1435535,
7298900,
-10209886,
6821782,
2812183,
-14011904,
19254074,
-6591295,
6687802,
-1866258,
-6285153,
13055669,
-12965382,
3549865,
11758229,
-12668169,
-5155369,
25425529,
-34683404,
22728779,
9248294,
-45817181,
63145476,
-24081082,
23639013,
-6415494,
-21129050,
43179740,
-42474764,
11610961,
38768840,
-42119209,
-17617836,
90974042,
-133383861,
97768979,
47584977,
-322302929,
892651534,
-81012470,
82437897,
-23704744,
-85405093,
200906704,
-249429409,
106269805,
1518835266,
1518835266,
106269805,
-249429409,
200906704,
-85405093,
-23704744,
82437897,
-81012470,
892651534,
-322302929,
47584977,
97768979,
-133383861,
90974042,
-17617836,
-42119209,
38768840,
11610961,
-42474764,
43179740,
-21129050,
-6415494,
23639013,
-24081082,
63145476,
-45817181,
9248294,
22728779,
-34683404,
25425529,
-5155369,
-12668169,
11758229,
3549865,
-12965382,
13055669,
-6285153,
-1866258,
6687802,
-6591295,
19254074,
-14011904,
2812183,
6821782,
-10209886,
7298900,
-1435535,
-3404021,
3097736,
895463,
-3114263,
2968101,
-1343176,
-371914,
1230794,
-1106651,
4966860,
-3451530,
657680,
1505030,
-2109310,
1399683,
-252772,
-542816,
467051,
118699,
-352387,
274614,
-95078,
-18012,
32873,
-9385,
704336,
-424565,
67733,
123072,
-125783,
52298,
-4266,
-1310,
