2358,
-10934,
-31449,
128248,
-110762,
-173595,
510621,
-359068,
4784,
-39537,
46163,
85568,
-279995,
211906,
304217,
-840672,
-488523,
1295673,
-841694,
-1075320,
2708990,
-1685583,
-2075565,
5064181,
564167,
740134,
-1906376,
1208830,
1513128,
-3745502,
2295004,
2787896,
-3063546,
-3679165,
8778337,
-5204968,
-6139458,
14414813,
-8426009,
-9815668,
-6720444,
4021686,
4783076,
-11313008,
6655740,
7796687,
-18196059,
10582155,
22802163,
-13212811,
-15289553,
35362987,
-20455416,
-23702660,
55104003,
-32191371,
12276462,
-28430475,
16442414,
19015694,
-44025800,
25542051,
29757993,
-69782256,
-37906388,
90306295,
-54706922,
-67998685,
175979987,
-121956602,
-193815739,
910142059,
41299910,
49573741,
-121506836,
76862759,
102421625,
-299987006,
272361259,
1366919302,
1366919302,
272361259,
-299987006,
102421625,
76862759,
-121506836,
49573741,
41299910,
910142059,
-193815739,
-121956602,
175979987,
-67998685,
-54706922,
90306295,
-37906388,
-69782256,
29757993,
25542051,
-44025800,
19015694,
16442414,
-28430475,
12276462,
-32191371,
55104003,
-23702660,
-20455416,
35362987,
-15289553,
-13212811,
22802163,
10582155,
-18196059,
7796687,
6655740,
-11313008,
4783076,
4021686,
-6720444,
-9815668,
-8426009,
14414813,
-6139458,
-5204968,
8778337,
-3679165,
-3063546,
2787896,
2295004,
-3745502,
1513128,
1208830,
-1906376,
740134,
564167,
5064181,
-2075565,
-1685583,
2708990,
-1075320,
-841694,
1295673,
-488523,
-840672,
304217,
211906,
-279995,
85568,
46163,
-39537,
4784,
-359068,
510621,
-173595,
-110762,
128248,
-31449,
-10934,
2358,
