2358,
4784,
-10934,
-39537,
-31449,
46163,
128248,
85568,
-110762,
-279995,
-173595,
211906,
510621,
304217,
-359068,
-840672,
-488523,
564167,
1295673,
740134,
-841694,
-1906376,
-1075320,
1208830,
2708990,
1513128,
-1685583,
-3745502,
-2075565,
2295004,
5064181,
2787896,
-3063546,
-6720444,
-3679165,
4021686,
8778337,
4783076,
-5204968,
-11313008,
-6139458,
6655740,
14414813,
7796687,
-8426009,
-18196059,
-9815668,
10582155,
22802163,
12276462,
-13212811,
-28430475,
-15289553,
16442414,
35362987,
19015694,
-20455416,
-44025800,
-23702660,
25542051,
55104003,
29757993,
-32191371,
-69782256,
-37906388,
41299910,
90306295,
49573741,
-54706922,
-121506836,
-67998685,
76862759,
175979987,
102421625,
-121956602,
-299987006,
-193815739,
272361259,
910142059,
1366919302,
1366919302,
910142059,
272361259,
-193815739,
-299987006,
-121956602,
102421625,
175979987,
76862759,
-67998685,
-121506836,
-54706922,
49573741,
90306295,
41299910,
-37906388,
-69782256,
-32191371,
29757993,
55104003,
25542051,
-23702660,
-44025800,
-20455416,
19015694,
35362987,
16442414,
-15289553,
-28430475,
-13212811,
12276462,
22802163,
10582155,
-9815668,
-18196059,
-8426009,
7796687,
14414813,
6655740,
-6139458,
-11313008,
-5204968,
4783076,
8778337,
4021686,
-3679165,
-6720444,
-3063546,
2787896,
5064181,
2295004,
-2075565,
-3745502,
-1685583,
1513128,
2708990,
1208830,
-1075320,
-1906376,
-841694,
740134,
1295673,
564167,
-488523,
-840672,
-359068,
304217,
510621,
211906,
-173595,
-279995,
-110762,
85568,
128248,
46163,
-31449,
-39537,
-10934,
4784,
2358,
